 Left of Left
AVL_TREE:
 size : 3
 data : 3,4,5,

 After Deletion
AVL_TREE:
 size : 0
 data : 

 Right of Right
AVL_TREE:
 size : 3
 data : 3,4,5,

 Right of Left (Case : LH) 
AVL_TREE:
 size : 6
 data : 3,5,7,8,10,15,

 Right of Left (Case : EH) 
AVL_TREE:
 size : 3
 data : 5,7,10,

 Right of Left (Case : RH) 
AVL_TREE:
 size : 6
 data : 3,5,8,9,10,15,

 Left of Right (Case : RH) 
AVL_TREE:
 size : 6
 data : 5,10,13,14,15,20,

 Left of Right (Case : EH) 
AVL_TREE:
 size : 3
 data : 5,10,15,

 Left of Right (Case : LH) 
AVL_TREE:
 size : 6
 data : 5,10,12,13,15,20,

AVL_TREE:
 size : 2000
 data : 3,4,8,21,21,24,28,28,32,37,38,40,40,41,53,53,55,58,67,72,73,75,80,80,83,93,106,109,112,114,116,123,135,136,140,142,142,145,148,153,159,159,168,169,170,175,176,178,180,183,188,189,189,191,193,193,195,195,202,208,212,215,221,222,227,229,235,236,238,241,248,259,267,268,271,278,285,288,289,291,292,300,300,303,303,315,318,322,326,328,330,333,335,337,353,355,363,380,383,396,406,415,416,418,422,422,424,426,440,448,450,466,467,470,472,474,474,475,481,482,485,491,493,495,503,508,523,524,527,528,537,540,542,548,555,556,556,568,573,580,585,600,601,608,608,610,615,626,635,640,647,648,649,652,658,663,666,671,674,675,681,690,693,695,697,702,707,710,710,712,714,718,742,748,750,753,754,761,771,774,778,783,788,792,797,798,799,807,807,808,814,825,833,836,838,851,855,861,866,874,875,877,888,893,899,899,900,900,904,905,910,910,911,912,913,932,938,940,943,945,958,968,971,972,974,974,986,987,1001,1001,1003,1003,1008,1009,1012,1012,1015,1017,1018,1020,1020,1023,1025,1027,1028,1047,1052,1054,1056,1058,1060,1063,1064,1068,1071,1072,1075,1078,1080,1080,1098,1101,1107,1111,1111,1113,1115,1119,1124,1131,1132,1136,1146,1150,1153,1159,1163,1172,1173,1181,1185,1188,1191,1192,1192,1196,1196,1197,1200,1202,1221,1221,1224,1226,1240,1243,1244,1247,1258,1264,1276,1278,1282,1286,1286,1293,1293,1310,1311,1313,1316,1318,1322,1323,1323,1329,1331,1333,1337,1340,1342,1348,1351,1355,1361,1363,1364,1367,1369,1376,1381,1386,1388,1408,1411,1416,1416,1418,1420,1422,1425,1426,1430,1450,1454,1455,1457,1457,1459,1461,1462,1477,1478,1487,1493,1497,1497,1511,1515,1520,1521,1528,1531,1538,1538,1539,1540,1543,1543,1545,1548,1550,1556,1560,1561,1562,1577,1577,1578,1585,1587,1588,1591,1594,1599,1600,1601,1615,1617,1620,1624,1626,1626,1627,1634,1635,1637,1643,1643,1647,1647,1650,1655,1655,1659,1662,1670,1672,1673,1679,1694,1701,1718,1723,1724,1726,1735,1752,1754,1758,1758,1759,1762,1763,1763,1769,1774,1777,1781,1783,1784,1785,1787,1794,1807,1810,1812,1818,1832,1833,1836,1837,1840,1840,1842,1869,1874,1881,1881,1885,1892,1895,1903,1907,1908,1923,1924,1926,1928,1934,1941,1942,1945,1947,1948,1954,1962,1969,1974,1979,1982,1991,1993,1998,1999,2011,2012,2015,2018,2022,2028,2029,2042,2043,2044,2044,2052,2053,2060,2074,2074,2075,2076,2079,2082,2088,2088,2095,2097,2104,2105,2106,2111,2112,2125,2142,2144,2154,2158,2161,2164,2168,2168,2170,2171,2179,2181,2182,2187,2190,2193,2196,2206,2209,2214,2220,2223,2226,2233,2237,2244,2249,2257,2258,2259,2263,2268,2270,2276,2279,2287,2290,2292,2296,2303,2306,2316,2317,2324,2327,2336,2355,2356,2361,2363,2363,2368,2372,2376,2382,2386,2391,2392,2393,2404,2409,2413,2420,2421,2423,2428,2431,2433,2439,2445,2455,2455,2466,2481,2481,2483,2483,2498,2501,2503,2505,2508,2510,2513,2525,2525,2528,2529,2529,2532,2544,2549,2549,2549,2550,2570,2578,2578,2584,2588,2589,2591,2593,2593,2598,2599,2600,2604,2607,2607,2609,2609,2611,2611,2619,2623,2623,2625,2625,2634,2637,2637,2640,2646,2648,2658,2661,2662,2663,2668,2668,2669,2670,2671,2673,2677,2678,2678,2685,2695,2699,2701,2702,2704,2717,2718,2722,2723,2725,2726,2734,2741,2741,2742,2745,2750,2750,2756,2757,2758,2759,2760,2785,2798,2800,2813,2818,2830,2835,2843,2848,2850,2859,2862,2865,2867,2885,2888,2890,2896,2912,2913,2924,2925,2929,2931,2933,2935,2938,2941,2943,2949,2955,2963,2971,2993,2995,2995,2998,3007,3015,3022,3030,3031,3035,3037,3039,3061,3064,3065,3073,3093,3093,3093,3102,3134,3142,3146,3152,3161,3165,3169,3169,3181,3183,3186,3186,3195,3195,3196,3199,3210,3216,3221,3232,3234,3243,3245,3245,3251,3261,3262,3264,3271,3276,3281,3289,3290,3290,3297,3309,3318,3330,3333,3335,3335,3337,3340,3342,3343,3357,3359,3392,3392,3393,3396,3400,3401,3428,3430,3434,3439,3444,3445,3447,3449,3452,3455,3458,3476,3481,3487,3487,3487,3489,3490,3497,3503,3509,3517,3523,3525,3527,3545,3548,3549,3552,3556,3557,3559,3561,3565,3578,3579,3580,3584,3584,3588,3589,3597,3602,3608,3622,3625,3646,3648,3650,3652,3653,3655,3656,3676,3684,3692,3694,3694,3712,3713,3716,3717,3722,3728,3729,3737,3753,3754,3757,3775,3779,3788,3805,3805,3811,3826,3826,3829,3829,3831,3831,3840,3844,3847,3850,3851,3851,3856,3865,3869,3877,3878,3882,3902,3925,3931,3936,3941,3955,3959,3964,3966,3971,3971,3977,3977,3985,3985,3986,3989,3990,3992,4007,4008,4015,4015,4018,4021,4028,4031,4033,4041,4041,4050,4071,4081,4084,4084,4084,4098,4099,4114,4129,4140,4141,4144,4146,4155,4161,4169,4179,4181,4182,4182,4186,4196,4197,4199,4199,4208,4213,4218,4221,4227,4229,4230,4237,4256,4270,4272,4287,4295,4307,4309,4310,4313,4313,4319,4324,4326,4333,4343,4350,4353,4355,4360,4364,4365,4369,4370,4372,4381,4387,4389,4390,4393,4408,4413,4414,4415,4423,4423,4429,4449,4455,4460,4460,4464,4472,4472,4474,4474,4474,4484,4484,4485,4486,4488,4507,4512,4515,4520,4536,4555,4565,4567,4575,4596,4596,4600,4604,4606,4611,4625,4626,4629,4639,4640,4648,4664,4667,4675,4676,4678,4680,4681,4686,4688,4693,4693,4700,4708,4710,4721,4722,4723,4734,4736,4745,4747,4750,4757,4766,4767,4769,4771,4773,4774,4776,4778,4779,4788,4790,4791,4798,4801,4802,4806,4808,4827,4833,4844,4855,4860,4865,4867,4868,4872,4882,4886,4887,4893,4901,4902,4902,4919,4924,4932,4937,4940,4944,4945,4946,4948,4954,4955,4961,4962,4962,4966,4970,4975,4978,4989,4998,5000,5002,5005,5006,5006,5011,5021,5021,5022,5030,5043,5049,5055,5058,5071,5072,5075,5075,5084,5087,5097,5108,5109,5117,5128,5131,5141,5145,5147,5162,5177,5184,5185,5199,5200,5204,5205,5205,5249,5249,5255,5262,5264,5264,5269,5269,5279,5281,5303,5313,5340,5345,5347,5350,5370,5391,5402,5411,5423,5431,5436,5447,5452,5454,5457,5460,5469,5472,5484,5495,5498,5508,5529,5535,5537,5538,5542,5545,5547,5547,5547,5556,5561,5565,5565,5565,5573,5574,5589,5589,5601,5602,5602,5605,5608,5615,5620,5627,5629,5629,5629,5651,5651,5662,5665,5667,5677,5678,5678,5680,5686,5697,5699,5705,5705,5706,5716,5721,5724,5725,5734,5748,5759,5759,5760,5764,5770,5783,5786,5790,5791,5813,5814,5821,5824,5824,5828,5829,5834,5841,5844,5869,5871,5874,5874,5881,5890,5898,5912,5928,5938,5944,5945,5947,5951,5967,5969,5973,5987,5990,5993,5994,5996,5997,6018,6021,6021,6031,6036,6038,6048,6052,6058,6063,6064,6072,6074,6077,6080,6085,6085,6097,6100,6105,6113,6118,6122,6129,6139,6142,6149,6153,6154,6172,6173,6191,6193,6202,6202,6215,6216,6222,6224,6225,6234,6249,6253,6264,6268,6270,6279,6281,6282,6287,6292,6299,6302,6303,6303,6308,6321,6334,6336,6337,6343,6359,6362,6363,6365,6367,6398,6410,6411,6413,6418,6422,6423,6423,6428,6431,6434,6439,6439,6439,6443,6446,6450,6463,6467,6473,6477,6477,6477,6479,6483,6486,6488,6489,6493,6500,6504,6511,6512,6517,6519,6534,6538,6540,6540,6541,6541,6549,6559,6565,6576,6578,6582,6584,6590,6595,6602,6608,6617,6618,6626,6630,6633,6634,6641,6652,6653,6654,6667,6671,6679,6683,6687,6697,6698,6704,6705,6705,6729,6740,6741,6748,6766,6777,6806,6809,6813,6816,6816,6821,6827,6828,6835,6841,6857,6858,6868,6869,6878,6890,6893,6900,6902,6909,6922,6923,6924,6925,6941,6944,6946,6948,6948,6949,6955,6962,6962,6962,6969,6972,6972,6979,6995,7006,7007,7008,7032,7035,7038,7040,7042,7065,7067,7080,7085,7086,7088,7095,7103,7109,7110,7124,7124,7128,7129,7152,7152,7157,7164,7168,7171,7172,7185,7189,7192,7196,7200,7200,7206,7208,7213,7216,7222,7223,7229,7231,7240,7253,7262,7267,7278,7282,7285,7296,7296,7328,7348,7350,7355,7358,7368,7371,7372,7375,7376,7384,7391,7398,7410,7415,7421,7421,7432,7432,7432,7437,7441,7446,7448,7451,7462,7465,7465,7469,7479,7482,7487,7489,7491,7492,7505,7506,7514,7516,7518,7529,7531,7534,7537,7546,7549,7572,7577,7578,7585,7586,7591,7593,7594,7595,7604,7604,7605,7611,7612,7616,7619,7624,7627,7636,7641,7644,7649,7650,7659,7663,7666,7673,7679,7681,7692,7711,7713,7713,7720,7721,7726,7727,7740,7753,7753,7756,7768,7773,7780,7783,7807,7813,7815,7825,7827,7830,7832,7833,7841,7861,7864,7864,7870,7870,7882,7892,7900,7902,7905,7906,7913,7918,7922,7926,7936,7938,7945,7949,7950,7958,7958,7958,7964,7967,7968,7982,7982,7984,8007,8009,8019,8022,8023,8027,8035,8055,8060,8070,8074,8075,8082,8087,8106,8110,8112,8114,8115,8116,8118,8127,8132,8136,8145,8146,8149,8153,8162,8164,8166,8166,8177,8182,8190,8194,8213,8217,8230,8238,8240,8247,8252,8253,8255,8256,8260,8271,8274,8281,8283,8286,8289,8296,8297,8313,8315,8315,8318,8318,8321,8323,8330,8337,8350,8352,8360,8360,8365,8373,8380,8387,8392,8394,8396,8397,8405,8419,8423,8433,8434,8442,8443,8455,8458,8464,8467,8470,8476,8480,8483,8486,8486,8489,8492,8503,8503,8510,8519,8520,8522,8526,8529,8532,8538,8540,8546,8551,8563,8570,8583,8584,8588,8598,8610,8610,8614,8617,8633,8634,8636,8638,8643,8650,8651,8651,8652,8661,8662,8664,8666,8670,8678,8680,8681,8683,8685,8689,8692,8696,8700,8703,8703,8704,8712,8714,8716,8723,8738,8745,8752,8753,8756,8759,8761,8762,8762,8762,8768,8779,8786,8787,8791,8801,8805,8805,8819,8823,8823,8826,8838,8850,8864,8869,8875,8880,8882,8888,8896,8896,8909,8922,8925,8928,8932,8935,8942,8958,8962,8965,8976,8978,9008,9010,9010,9011,9019,9022,9033,9037,9040,9058,9072,9072,9082,9087,9090,9091,9095,9097,9105,9105,9135,9135,9141,9151,9152,9152,9156,9156,9161,9166,9168,9168,9169,9170,9174,9174,9187,9198,9199,9200,9213,9220,9221,9232,9248,9252,9253,9253,9257,9261,9264,9264,9271,9277,9281,9288,9292,9292,9301,9309,9313,9314,9314,9314,9318,9320,9331,9334,9337,9350,9352,9353,9357,9357,9358,9361,9369,9374,9375,9396,9405,9413,9421,9426,9426,9435,9447,9447,9458,9464,9486,9487,9487,9489,9490,9492,9496,9497,9501,9503,9508,9510,9512,9514,9515,9523,9535,9541,9556,9557,9558,9560,9565,9567,9569,9573,9576,9577,9589,9601,9614,9617,9621,9629,9643,9646,9657,9658,9658,9668,9676,9677,9690,9695,9704,9711,9714,9718,9734,9737,9741,9758,9762,9763,9771,9779,9781,9789,9789,9790,9790,9793,9796,9801,9810,9812,9812,9815,9815,9815,9832,9851,9853,9854,9855,9855,9859,9860,9866,9869,9873,9876,9882,9885,9891,9894,9895,9897,9901,9905,9912,9916,9916,9923,9926,9929,9930,9932,9949,9954,9954,9956,9961,9961,9964,9970,9972,9975,9976,9981,9990,9996,
